RIVERA VELASQUEZ OSWALDO RAYSE           75607588                  213214746245               0341700117    75.36                     75.36                     7799                      182074                    20211117                  20211118                  02                        04                        
VALDIVIA YACILA ANTONELLA PATR           70236228                  213214755296               0341668357    259.75                    259.75                    7799                      182072                    20211117                  20211117                  02                        04                        
MEDIC BLESS S.A.C.                       20601666236               212933558666               0341628812    300.00                    301.00                    0122                      182070                    20211117                  20211117                  02                        01                        
MEDIC BLESS S.A.C.                       20601666236               212933558676               0341628657    729.00                    730.00                    0122                      182068                    20211117                  20211117                  02                        01                        
TORO CARRANZA LIZETH NOHELY              45875152                  213214720393               0341625667    72.79                     73.79                     0918                      182066                    20211117                  20211117                  01                        01                        
VASQUEZ SUICA MERY FIORELLA              45431256                  213214753284               0341625251    37.88                     37.88                     7799                      182064                    20211117                  20211117                  07                        04                        
LICAS AYSANOA XIOMARA CHERLY             76755032                  213214748407               0341624858    275.30                    275.30                    7799                      182062                    20211117                  20211117                  02                        04                        
MENDOZA CUETO LILIAM MARGOT              20100334                  213214740463               0341615498    232.84                    233.84                    0484                      182060                    20211117                  20211117                  01                        01                        
SANTOS GAMARRA SHEILA JESSICA            10712948                  213214751096               0341613026    120.30                    120.30                    7799                      182058                    20211117                  20211117                  02                        04                        
ALMEYDA ALQUIZAR ERICK JONATHA           44102918                  213194375853               0341601098    300.00                    301.00                    0048                      182056                    20211117                  20211117                  01                        01                        
AGUIRRE ANDRADE ANTHONY GIUSSE           45347668                  213214751139               0341595577    2,055.23                  2,055.23                  7799                      182054                    20211117                  20211117                  02                        04                        
CARRANZA CHAVEZ JHOSVIN LEODAN           73933424                  213214748476               0341595365    1,011.29                  1,012.29                  0249                      182052                    20211117                  20211117                  01                        01                        
AGUILAR CUTISACA BERTHA YOLAND           41306886                  213214749071               0341579158    1,342.71                  1,343.71                  0584                      182050                    20211117                  20211117                  01                        01                        
LAZO BOLAÑOS NICOLE                      42772340                  213214749678               0341579032    80.30                     80.30                     7799                      182048                    20211117                  20211117                  07                        04                        
AGUILAR CUTISACA BERTHA YOLAND           41306886                  213214748825               0341579011    1,342.71                  1,343.71                  0584                      182046                    20211117                  20211117                  01                        01                        
JOSE Y EDWIN CONTRATISTAS GENE           20545463190               213214749453               0341576124    1,688.03                  1,688.03                  7799                      182044                    20211117                  20211117                  02                        04                        
POEMAPE ARIAS ANA CECILIA                08097467                  213214725259               0341568203    199.30                    199.30                    7799                      182042                    20211117                  20211117                  02                        04                        
RIMARACHIN SOBERON ELISEO RUBE           41693109                  213214744394               0341563577    140.21                    141.21                    0285                      182040                    20211117                  20211117                  01                        01                        
D2 PUBLICIDAD S.A.C                      20537878437               213214744017               0341560996    523.00                    524.00                    0614                      182038                    20211117                  20211117                  01                        01                        
RUIZ ARAUJO FLORENTINA MATILDE           25760087                  213214729833               0341544347    658.33                    659.33                    0200                      182036                    20211117                  20211117                  01                        01                        
CASTILLA SALGADO NORKA PATRICI           42298449                  213214745488               0341542923    478.63                    479.63                    0254                      182034                    20211117                  20211117                  01                        01                        
ARBIETO RIVEROS HECTOR GABRIEL           45551897                  213194385859               0341538464    5,200.00                  5,201.00                  0110                      182032                    20211117                  20211117                  02                        01                        
UGARTE ALCALDE VICTOR HUGO               40364914                  213214744741               0341533326    120.30                    120.30                    7799                      182030                    20211117                  20211117                  02                        04                        
ALVAREZ ROSALES NATALI VIVIANA           43650097                  213214740703               0341522546    410.00                    411.00                    0312                      182028                    20211117                  20211117                  01                        01                        
VALLADARES GARCIA WILBERTO               06434944                  213214744261               0341516480    535.30                    535.30                    7799                      182026                    20211117                  20211117                  02                        04                        
VALLADARES GARCIA WILBERTO               06434944                  213204556344               0341516461    275.30                    275.30                    7799                      182024                    20211117                  20211117                  02                        04                        
VALLADARES GARCIA WILBERTO               06434944                  213204555834               0341516447    4.56                      4.56                      7799                      182022                    20211117                  20211117                  02                        04                        
SANCHEZ HUERTA JOSE ISMAEL               40355113                  213214743946               0341508328    798.30                    798.30                    7799                      182020                    20211117                  20211117                  02                        04                        
GUTIERREZ DAMIAN YOHANNA MARIC           46468897                  213204715291               0341500932    154.30                    154.30                    7799                      182018                    20211117                  20211117                  02                        04                        
SANCHEZ HUERTA JOSE ISMAEL               40355113                  213214730367               0341500176    419.30                    419.30                    7799                      182016                    20211117                  20211117                  02                        04                        
BRIONES HOYOS ELVIA NATALY               42665519                  213194378876               0341496323    4.49                      5.49                      0285                      182014                    20211117                  20211117                  01                        01                        
BRIONES HOYOS ELVIA NATALY               42665519                  213194378862               0341496249    4.49                      5.49                      0285                      182012                    20211117                  20211117                  01                        01                        
CACERES CHOQUEHUANCA JOSE ALFR           29556981                  213214741088               0341485959    275.30                    275.30                    7799                      182010                    20211117                  20211117                  02                        04                        
BAYONA ALVAREZ PAOLA                     45006835                  213204709173               0341480330    2.21                      3.21                      0013                      182008                    20211117                  20211117                  01                        01                        


